John-Michael John-Michael
D
87
97
78
0.346667
1.56
2.15556
9.7
0
Frazer Frazer
D
75
80
70
0.311111
1.4
1.77778
8
0
Spencer Spencer
D
83
91
75
0.333333
1.5
2.02222
9.1
0
Will Will
D
92
97
88
0.391111
1.76
2.15556
9.7
0
Lucas Lucas
D
89
82
97
0.431111
1.94
1.82222
8.2
0
Mikkel Mikkel
D
79
71
87
0.386667
1.74
1.57778
7.1
0
Craig Craig
D
78
75
82
0.364444
1.64
1.66667
7.5
0
Derick Derick
LW
95
93
97
0.431111
1.94
2.06667
9.3
0
Sergei Sergei
LW
87
85
89
0.395556
1.78
1.88889
8.5
0
Brent Brent
LW
80
77
84
0.373333
1.68
1.71111
7.7
0
Jon Jon
C
83
84
82
0.364444
1.64
1.86667
8.4
0
Tobias Tobias
C
96
98
94
0.417778
1.88
2.17778
9.8
0
Beau Beau
RW
80
76
85
0.377778
1.7
1.68889
7.6
0
Oscar Oscar
LW
89
91
87
0.386667
1.74
2.02222
9.1
0
Mikko Mikko
RW
94
97
91
0.404444
1.82
2.15556
9.7
0
Tim Tim
C
91
84
98
0.435556
1.96
1.86667
8.4
0
Tom Tom
LW
90
87
93
0.413333
1.86
1.93333
8.7
0
Joni Joni
C
85
91
80
0.355556
1.6
2.02222
9.1
0
John-Michael John-Michael
D
91
93
90
0.4
1.8
2.06667
9.3
1
Frazer Frazer
D
89
93
86
0.382222
1.72
2.06667
9.3
1
Spencer Spencer
D
89
97
81
0.36
1.62
2.15556
9.7
1
Will Will
D
78
78
78
0.346667
1.56
1.73333
7.8
1
Lucas Lucas
D
93
94
93
0.413333
1.86
2.08889
9.4
1
Mikkel Mikkel
D
86
80
93
0.413333
1.86
1.77778
8
1
Craig Craig
D
91
95
88
0.391111
1.76
2.11111
9.5
1
Derick Derick
C
81
86
77
0.342222
1.54
1.91111
8.6
1
Sergei Sergei
RW
76
71
81
0.36
1.62
1.57778
7.1
1
Brent Brent
C
92
86
98
0.435556
1.96
1.91111
8.6
1
Jon Jon
RW
85
74
96
0.426667
1.92
1.64444
7.4
1
Tobias Tobias
RW
84
87
82
0.364444
1.64
1.93333
8.7
1
Beau Beau
C
80
85
76
0.337778
1.52
1.88889
8.5
1
Oscar Oscar
RW
77
83
72
0.32
1.44
1.84444
8.3
1
Mikko Mikko
C
84
91
77
0.342222
1.54
2.02222
9.1
1
Tim Tim
LW
83
88
79
0.351111
1.58
1.95556
8.8
1
Tom Tom
RW
78
72
84
0.373333
1.68
1.6
7.2
1
Joni Joni
C
88
87
89
0.395556
1.78
1.93333
8.7
1
John-Michael John-Michael
D
91
95
87
0.386667
1.74
2.11111
9.5
2
Frazer Frazer
D
84
73
96
0.426667
1.92
1.62222
7.3
2
Spencer Spencer
D
76
71
81
0.36
1.62
1.57778
7.1
2
Will Will
D
73
74
73
0.324444
1.46
1.64444
7.4
2
Lucas Lucas
D
87
76
98
0.435556
1.96
1.68889
7.6
2
Mikkel Mikkel
D
80
86
75
0.333333
1.5
1.91111
8.6
2
Craig Craig
D
80
79
81
0.36
1.62
1.75556
7.9
2
Derick Derick
LW
91
93
90
0.4
1.8
2.06667
9.3
2
Sergei Sergei
C
83
74
93
0.413333
1.86
1.64444
7.4
2
Brent Brent
C
83
78
88
0.391111
1.76
1.73333
7.8
2
Jon Jon
LW
79
81
77
0.342222
1.54
1.8
8.1
2
Tobias Tobias
C
89
96
82
0.364444
1.64
2.13333
9.6
2
Beau Beau
C
86
86
86
0.382222
1.72
1.91111
8.6
2
Oscar Oscar
C
83
70
97
0.431111
1.94
1.55556
7
2
Mikko Mikko
C
91
95
87
0.386667
1.74
2.11111
9.5
2
Tim Tim
C
73
75
71
0.315556
1.42
1.66667
7.5
2
Tom Tom
LW
78
81
75
0.333333
1.5
1.8
8.1
2
Joni Joni
LW
89
93
85
0.377778
1.7
2.06667
9.3
2
John-Michael John-Michael
D
84
97
72
0.32
1.44
2.15556
9.7
3
Frazer Frazer
D
75
72
79
0.351111
1.58
1.6
7.2
3
Spencer Spencer
D
88
91
85
0.377778
1.7
2.02222
9.1
3
Will Will
D
84
88
81
0.36
1.62
1.95556
8.8
3
Lucas Lucas
D
88
80
96
0.426667
1.92
1.77778
8
3
Mikkel Mikkel
D
84
83
85
0.377778
1.7
1.84444
8.3
3
Craig Craig
D
77
70
84
0.373333
1.68
1.55556
7
3
Derick Derick
RW
88
93
83
0.368889
1.66
2.06667
9.3
3
Sergei Sergei
C
88
97
80
0.355556
1.6
2.15556
9.7
3
Brent Brent
C
84
96
73
0.324444
1.46
2.13333
9.6
3
Jon Jon
C
87
87
88
0.391111
1.76
1.93333
8.7
3
Tobias Tobias
C
83
72
94
0.417778
1.88
1.6
7.2
3
Beau Beau
RW
72
71
73
0.324444
1.46
1.57778
7.1
3
Oscar Oscar
LW
89
98
81
0.36
1.62
2.17778
9.8
3
Mikko Mikko
RW
77
79
75
0.333333
1.5
1.75556
7.9
3
Tim Tim
C
78
82
74
0.328889
1.48
1.82222
8.2
3
Tom Tom
RW
80
86
74
0.328889
1.48
1.91111
8.6
3
Joni Joni
RW
93
92
95
0.422222
1.9
2.04444
9.2
3
John-Michael John-Michael
D
87
92
83
0.368889
1.66
2.04444
9.2
4
Frazer Frazer
D
82
89
76
0.337778
1.52
1.97778
8.9
4
Spencer Spencer
D
94
96
92
0.408889
1.84
2.13333
9.6
4
Will Will
D
82
93
72
0.32
1.44
2.06667
9.3
4
Lucas Lucas
D
96
96
97
0.431111
1.94
2.13333
9.6
4
Mikkel Mikkel
D
84
85
84
0.373333
1.68
1.88889
8.5
4
Craig Craig
D
86
92
80
0.355556
1.6
2.04444
9.2
4
Derick Derick
RW
81
74
88
0.391111
1.76
1.64444
7.4
4
Sergei Sergei
C
82
93
71
0.315556
1.42
2.06667
9.3
4
Brent Brent
C
85
89
82
0.364444
1.64
1.97778
8.9
4
Jon Jon
RW
89
92
86
0.382222
1.72
2.04444
9.2
4
Tobias Tobias
C
74
77
71
0.315556
1.42
1.71111
7.7
4
Beau Beau
RW
81
83
79
0.351111
1.58
1.84444
8.3
4
Oscar Oscar
RW
90
89
92
0.408889
1.84
1.97778
8.9
4
Mikko Mikko
RW
89
95
84
0.373333
1.68
2.11111
9.5
4
Tim Tim
RW
76
71
81
0.36
1.62
1.57778
7.1
4
Tom Tom
RW
92
91
93
0.413333
1.86
2.02222
9.1
4
Joni Joni
LW
83
92
75
0.333333
1.5
2.04444
9.2
4
John-Michael John-Michael
D
85
83
88
0.391111
1.76
1.84444
8.3
5
Frazer Frazer
D
91
89
94
0.417778
1.88
1.97778
8.9
5
Spencer Spencer
D
87
94
81
0.36
1.62
2.08889
9.4
5
Will Will
D
89
98
80
0.355556
1.6
2.17778
9.8
5
Lucas Lucas
D
82
86
79
0.351111
1.58
1.91111
8.6
5
Mikkel Mikkel
D
97
96
98
0.435556
1.96
2.13333
9.6
5
Craig Craig
D
77
80
75
0.333333
1.5
1.77778
8
5
Derick Derick
LW
82
79
86
0.382222
1.72
1.75556
7.9
5
Sergei Sergei
C
90
86
94
0.417778
1.88
1.91111
8.6
5
Brent Brent
C
92
96
89
0.395556
1.78
2.13333
9.6
5
Jon Jon
LW
87
81
93
0.413333
1.86
1.8
8.1
5
Tobias Tobias
C
82
75
90
0.4
1.8
1.66667
7.5
5
Beau Beau
LW
80
77
83
0.368889
1.66
1.71111
7.7
5
Oscar Oscar
RW
82
92
73
0.324444
1.46
2.04444
9.2
5
Mikko Mikko
C
86
85
88
0.391111
1.76
1.88889
8.5
5
Tim Tim
RW
94
93
96
0.426667
1.92
2.06667
9.3
5
Tom Tom
RW
78
72
84
0.373333
1.68
1.6
7.2
5
Joni Joni
C
81
92
70
0.311111
1.4
2.04444
9.2
5
John-Michael John-Michael
D
82
76
88
0.391111
1.76
1.68889
7.6
6
Frazer Frazer
D
78
84
73
0.324444
1.46
1.86667
8.4
6
Spencer Spencer
D
79
87
72
0.32
1.44
1.93333
8.7
6
Will Will
D
80
74
87
0.386667
1.74
1.64444
7.4
6
Lucas Lucas
D
80
79
81
0.36
1.62
1.75556
7.9
6
Mikkel Mikkel
D
79
81
77
0.342222
1.54
1.8
8.1
6
Craig Craig
D
86
74
98
0.435556
1.96
1.64444
7.4
6
Derick Derick
C
77
70
85
0.377778
1.7
1.55556
7
6
Sergei Sergei
C
84
93
76
0.337778
1.52
2.06667
9.3
6
Brent Brent
LW
86
94
78
0.346667
1.56
2.08889
9.4
6
Jon Jon
C
93
96
90
0.4
1.8
2.13333
9.6
6
Tobias Tobias
LW
85
81
90
0.4
1.8
1.8
8.1
6
Beau Beau
C
83
95
72
0.32
1.44
2.11111
9.5
6
Oscar Oscar
LW
82
78
87
0.386667
1.74
1.73333
7.8
6
Mikko Mikko
C
74
76
73
0.324444
1.46
1.68889
7.6
6
Tim Tim
LW
91
88
94
0.417778
1.88
1.95556
8.8
6
Tom Tom
LW
89
94
85
0.377778
1.7
2.08889
9.4
6
Joni Joni
LW
87
77
98
0.435556
1.96
1.71111
7.7
6
John-Michael John-Michael
D
77
73
82
0.364444
1.64
1.62222
7.3
7
Frazer Frazer
D
78
77
79
0.351111
1.58
1.71111
7.7
7
Spencer Spencer
D
84
80
88
0.391111
1.76
1.77778
8
7
Will Will
D
71
70
73
0.324444
1.46
1.55556
7
7
Lucas Lucas
D
86
78
94
0.417778
1.88
1.73333
7.8
7
Mikkel Mikkel
D
87
85
90
0.4
1.8
1.88889
8.5
7
Craig Craig
D
95
97
94
0.417778
1.88
2.15556
9.7
7
Derick Derick
LW
97
98
97
0.431111
1.94
2.17778
9.8
7
Sergei Sergei
C
87
97
78
0.346667
1.56
2.15556
9.7
7
Brent Brent
C
87
79
95
0.422222
1.9
1.75556
7.9
7
Jon Jon
RW
74
72
76
0.337778
1.52
1.6
7.2
7
Tobias Tobias
C
90
96
84
0.373333
1.68
2.13333
9.6
7
Beau Beau
LW
76
78
75
0.333333
1.5
1.73333
7.8
7
Oscar Oscar
LW
84
80
88
0.391111
1.76
1.77778
8
7
Mikko Mikko
C
85
95
75
0.333333
1.5
2.11111
9.5
7
Tim Tim
RW
90
84
96
0.426667
1.92
1.86667
8.4
7
Tom Tom
C
71
73
70
0.311111
1.4
1.62222
7.3
7
Joni Joni
RW
73
71
76
0.337778
1.52
1.57778
7.1
7
John-Michael John-Michael
D
75
74
76
0.337778
1.52
1.64444
7.4
8
Frazer Frazer
D
95
96
94
0.417778
1.88
2.13333
9.6
8
Spencer Spencer
D
71
70
72
0.32
1.44
1.55556
7
8
Will Will
D
85
86
84
0.373333
1.68
1.91111
8.6
8
Lucas Lucas
D
91
95
87
0.386667
1.74
2.11111
9.5
8
Mikkel Mikkel
D
77
78
76
0.337778
1.52
1.73333
7.8
8
Craig Craig
D
76
79
73
0.324444
1.46
1.75556
7.9
8
Derick Derick
RW
87
98
76
0.337778
1.52
2.17778
9.8
8
Sergei Sergei
RW
83
94
73
0.324444
1.46
2.08889
9.4
8
Brent Brent
RW
90
86
94
0.417778
1.88
1.91111
8.6
8
Jon Jon
LW
81
82
81
0.36
1.62
1.82222
8.2
8
Tobias Tobias
C
80
76
85
0.377778
1.7
1.68889
7.6
8
Beau Beau
LW
89
89
89
0.395556
1.78
1.97778
8.9
8
Oscar Oscar
RW
74
78
71
0.315556
1.42
1.73333
7.8
8
Mikko Mikko
RW
86
77
96
0.426667
1.92
1.71111
7.7
8
Tim Tim
C
88
78
98
0.435556
1.96
1.73333
7.8
8
Tom Tom
LW
90
87
93
0.413333
1.86
1.93333
8.7
8
Joni Joni
LW
91
91
92
0.408889
1.84
2.02222
9.1
8
John-Michael John-Michael
D
88
91
85
0.377778
1.7
2.02222
9.1
9
Frazer Frazer
D
86
76
96
0.426667
1.92
1.68889
7.6
9
Spencer Spencer
D
77
82
73
0.324444
1.46
1.82222
8.2
9
Will Will
D
91
89
94
0.417778
1.88
1.97778
8.9
9
Lucas Lucas
D
82
81
83
0.368889
1.66
1.8
8.1
9
Mikkel Mikkel
D
91
94
88
0.391111
1.76
2.08889
9.4
9
Craig Craig
D
82
76
88
0.391111
1.76
1.68889
7.6
9
Derick Derick
RW
80
81
79
0.351111
1.58
1.8
8.1
9
Sergei Sergei
RW
88
88
88
0.391111
1.76
1.95556
8.8
9
Brent Brent
RW
90
92
89
0.395556
1.78
2.04444
9.2
9
Jon Jon
C
89
93
86
0.382222
1.72
2.06667
9.3
9
Tobias Tobias
C
81
76
87
0.386667
1.74
1.68889
7.6
9
Beau Beau
LW
82
85
79
0.351111
1.58
1.88889
8.5
9
Oscar Oscar
C
82
92
73
0.324444
1.46
2.04444
9.2
9
Mikko Mikko
LW
87
95
80
0.355556
1.6
2.11111
9.5
9
Tim Tim
RW
83
78
88
0.391111
1.76
1.73333
7.8
9
Tom Tom
LW
79
76
82
0.364444
1.64
1.68889
7.6
9
Joni Joni
RW
92
94
90
0.4
1.8
2.08889
9.4
9
John-Michael John-Michael
D
96
98
95
0.422222
1.9
2.17778
9.8
10
Frazer Frazer
D
83
87
79
0.351111
1.58
1.93333
8.7
10
Spencer Spencer
D
93
95
92
0.408889
1.84
2.11111
9.5
10
Will Will
D
89
95
84
0.373333
1.68
2.11111
9.5
10
Lucas Lucas
D
88
98
78
0.346667
1.56
2.17778
9.8
10
Mikkel Mikkel
D
77
77
78
0.346667
1.56
1.71111
7.7
10
Craig Craig
D
80
83
77
0.342222
1.54
1.84444
8.3
10
Derick Derick
RW
76
82
70
0.311111
1.4
1.82222
8.2
10
Sergei Sergei
RW
81
78
84
0.373333
1.68
1.73333
7.8
10
Brent Brent
LW
84
95
73
0.324444
1.46
2.11111
9.5
10
Jon Jon
LW
84
87
82
0.364444
1.64
1.93333
8.7
10
Tobias Tobias
RW
92
91
93
0.413333
1.86
2.02222
9.1
10
Beau Beau
C
82
83
82
0.364444
1.64
1.84444
8.3
10
Oscar Oscar
RW
85
95
75
0.333333
1.5
2.11111
9.5
10
Mikko Mikko
C
83
92
74
0.328889
1.48
2.04444
9.2
10
Tim Tim
RW
82
77
88
0.391111
1.76
1.71111
7.7
10
Tom Tom
RW
86
93
80
0.355556
1.6
2.06667
9.3
10
Joni Joni
C
82
93
71
0.315556
1.42
2.06667
9.3
10
John-Michael John-Michael
D
86
85
87
0.386667
1.74
1.88889
8.5
11
Frazer Frazer
D
81
84
78
0.346667
1.56
1.86667
8.4
11
Spencer Spencer
D
92
88
96
0.426667
1.92
1.95556
8.8
11
Will Will
D
78
76
81
0.36
1.62
1.68889
7.6
11
Lucas Lucas
D
91
94
88
0.391111
1.76
2.08889
9.4
11
Mikkel Mikkel
D
82
85
80
0.355556
1.6
1.88889
8.5
11
Craig Craig
D
83
92
75
0.333333
1.5
2.04444
9.2
11
Derick Derick
LW
88
85
91
0.404444
1.82
1.88889
8.5
11
Sergei Sergei
LW
85
73
97
0.431111
1.94
1.62222
7.3
11
Brent Brent
C
72
74
71
0.315556
1.42
1.64444
7.4
11
Jon Jon
LW
87
83
92
0.408889
1.84
1.84444
8.3
11
Tobias Tobias
LW
79
79
80
0.355556
1.6
1.75556
7.9
11
Beau Beau
RW
74
79
70
0.311111
1.4
1.75556
7.9
11
Oscar Oscar
RW
83
85
82
0.364444
1.64
1.88889
8.5
11
Mikko Mikko
C
82
82
82
0.364444
1.64
1.82222
8.2
11
Tim Tim
RW
84
83
85
0.377778
1.7
1.84444
8.3
11
Tom Tom
RW
86
96
76
0.337778
1.52
2.13333
9.6
11
Joni Joni
RW
84
81
88
0.391111
1.76
1.8
8.1
11
John-Michael John-Michael
D
79
80
79
0.351111
1.58
1.77778
8
12
Frazer Frazer
D
86
83
90
0.4
1.8
1.84444
8.3
12
Spencer Spencer
D
82
90
74
0.328889
1.48
2
9
12
Will Will
D
86
74
98
0.435556
1.96
1.64444
7.4
12
Lucas Lucas
D
90
88
93
0.413333
1.86
1.95556
8.8
12
Mikkel Mikkel
D
86
87
85
0.377778
1.7
1.93333
8.7
12
Craig Craig
D
74
74
74
0.328889
1.48
1.64444
7.4
12
Derick Derick
RW
92
93
91
0.404444
1.82
2.06667
9.3
12
Sergei Sergei
C
83
91
76
0.337778
1.52
2.02222
9.1
12
Brent Brent
RW
88
97
79
0.351111
1.58
2.15556
9.7
12
Jon Jon
C
85
87
84
0.373333
1.68
1.93333
8.7
12
Tobias Tobias
RW
94
98
91
0.404444
1.82
2.17778
9.8
12
Beau Beau
C
76
74
78
0.346667
1.56
1.64444
7.4
12
Oscar Oscar
RW
79
72
87
0.386667
1.74
1.6
7.2
12
Mikko Mikko
RW
74
77
71
0.315556
1.42
1.71111
7.7
12
Tim Tim
RW
85
86
85
0.377778
1.7
1.91111
8.6
12
Tom Tom
LW
88
88
89
0.395556
1.78
1.95556
8.8
12
Joni Joni
C
91
88
95
0.422222
1.9
1.95556
8.8
12
John-Michael John-Michael
D
80
80
81
0.36
1.62
1.77778
8
13
Frazer Frazer
D
82
86
78
0.346667
1.56
1.91111
8.6
13
Spencer Spencer
D
85
80
91
0.404444
1.82
1.77778
8
13
Will Will
D
85
98
72
0.32
1.44
2.17778
9.8
13
Lucas Lucas
D
84
74
95
0.422222
1.9
1.64444
7.4
13
Mikkel Mikkel
D
96
97
96
0.426667
1.92
2.15556
9.7
13
Craig Craig
D
80
86
74
0.328889
1.48
1.91111
8.6
13
Derick Derick
C
84
80
88
0.391111
1.76
1.77778
8
13
Sergei Sergei
RW
79
76
82
0.364444
1.64
1.68889
7.6
13
Brent Brent
LW
74
71
77
0.342222
1.54
1.57778
7.1
13
Jon Jon
LW
90
90
90
0.4
1.8
2
9
13
Tobias Tobias
RW
86
78
95
0.422222
1.9
1.73333
7.8
13
Beau Beau
RW
90
86
94
0.417778
1.88
1.91111
8.6
13
Oscar Oscar
RW
75
76
74
0.328889
1.48
1.68889
7.6
13
Mikko Mikko
C
93
96
90
0.4
1.8
2.13333
9.6
13
Tim Tim
RW
89
97
82
0.364444
1.64
2.15556
9.7
13
Tom Tom
RW
95
97
93
0.413333
1.86
2.15556
9.7
13
Joni Joni
LW
86
96
77
0.342222
1.54
2.13333
9.6
13
John-Michael John-Michael
D
87
85
90
0.4
1.8
1.88889
8.5
14
Frazer Frazer
D
81
85
77
0.342222
1.54
1.88889
8.5
14
Spencer Spencer
D
77
74
80
0.355556
1.6
1.64444
7.4
14
Will Will
D
89
86
93
0.413333
1.86
1.91111
8.6
14
Lucas Lucas
D
92
92
92
0.408889
1.84
2.04444
9.2
14
Mikkel Mikkel
D
82
74
91
0.404444
1.82
1.64444
7.4
14
Craig Craig
D
86
94
78
0.346667
1.56
2.08889
9.4
14
Derick Derick
LW
74
74
74
0.328889
1.48
1.64444
7.4
14
Sergei Sergei
LW
94
97
92
0.408889
1.84
2.15556
9.7
14
Brent Brent
C
89
85
94
0.417778
1.88
1.88889
8.5
14
Jon Jon
C
80
90
71
0.315556
1.42
2
9
14
Tobias Tobias
C
77
78
76
0.337778
1.52
1.73333
7.8
14
Beau Beau
LW
94
90
98
0.435556
1.96
2
9
14
Oscar Oscar
C
79
71
87
0.386667
1.74
1.57778
7.1
14
Mikko Mikko
C
85
95
75
0.333333
1.5
2.11111
9.5
14
Tim Tim
C
85
86
84
0.373333
1.68
1.91111
8.6
14
Tom Tom
LW
79
73
86
0.382222
1.72
1.62222
7.3
14
Joni Joni
C
72
72
73
0.324444
1.46
1.6
7.2
14
John-Michael John-Michael
D
86
77
95
0.422222
1.9
1.71111
7.7
15
Frazer Frazer
D
96
96
96
0.426667
1.92
2.13333
9.6
15
Spencer Spencer
D
81
90
73
0.324444
1.46
2
9
15
Will Will
D
86
77
95
0.422222
1.9
1.71111
7.7
15
Lucas Lucas
D
95
92
98
0.435556
1.96
2.04444
9.2
15
Mikkel Mikkel
D
96
98
95
0.422222
1.9
2.17778
9.8
15
Craig Craig
D
85
86
85
0.377778
1.7
1.91111
8.6
15
Derick Derick
C
86
75
97
0.431111
1.94
1.66667
7.5
15
Sergei Sergei
LW
75
70
80
0.355556
1.6
1.55556
7
15
Brent Brent
C
83
91
75
0.333333
1.5
2.02222
9.1
15
Jon Jon
C
91
92
90
0.4
1.8
2.04444
9.2
15
Tobias Tobias
C
81
89
74
0.328889
1.48
1.97778
8.9
15
Beau Beau
RW
78
71
85
0.377778
1.7
1.57778
7.1
15
Oscar Oscar
RW
76
70
82
0.364444
1.64
1.55556
7
15
Mikko Mikko
LW
80
73
88
0.391111
1.76
1.62222
7.3
15
Tim Tim
RW
77
84
71
0.315556
1.42
1.86667
8.4
15
Tom Tom
LW
88
81
95
0.422222
1.9
1.8
8.1
15
Joni Joni
RW
75
75
75
0.333333
1.5
1.66667
7.5
15
John-Michael John-Michael
D
83
75
92
0.408889
1.84
1.66667
7.5
16
Frazer Frazer
D
82
85
79
0.351111
1.58
1.88889
8.5
16
Spencer Spencer
D
86
88
84
0.373333
1.68
1.95556
8.8
16
Will Will
D
86
84
88
0.391111
1.76
1.86667
8.4
16
Lucas Lucas
D
82
72
92
0.408889
1.84
1.6
7.2
16
Mikkel Mikkel
D
87
94
80
0.355556
1.6
2.08889
9.4
16
Craig Craig
D
85
90
81
0.36
1.62
2
9
16
Derick Derick
RW
92
91
93
0.413333
1.86
2.02222
9.1
16
Sergei Sergei
C
86
94
78
0.346667
1.56
2.08889
9.4
16
Brent Brent
RW
94
96
93
0.413333
1.86
2.13333
9.6
16
Jon Jon
C
76
73
79
0.351111
1.58
1.62222
7.3
16
Tobias Tobias
C
77
75
80
0.355556
1.6
1.66667
7.5
16
Beau Beau
RW
92
90
95
0.422222
1.9
2
9
16
Oscar Oscar
LW
84
70
98
0.435556
1.96
1.55556
7
16
Mikko Mikko
RW
83
72
94
0.417778
1.88
1.6
7.2
16
Tim Tim
C
76
81
71
0.315556
1.42
1.8
8.1
16
Tom Tom
LW
85
85
86
0.382222
1.72
1.88889
8.5
16
Joni Joni
RW
78
70
86
0.382222
1.72
1.55556
7
16
John-Michael John-Michael
D
93
96
91
0.404444
1.82
2.13333
9.6
17
Frazer Frazer
D
78
77
80
0.355556
1.6
1.71111
7.7
17
Spencer Spencer
D
75
78
73
0.324444
1.46
1.73333
7.8
17
Will Will
D
94
91
97
0.431111
1.94
2.02222
9.1
17
Lucas Lucas
D
86
92
81
0.36
1.62
2.04444
9.2
17
Mikkel Mikkel
D
89
98
80
0.355556
1.6
2.17778
9.8
17
Craig Craig
D
78
80
77
0.342222
1.54
1.77778
8
17
Derick Derick
C
85
91
79
0.351111
1.58
2.02222
9.1
17
Sergei Sergei
LW
84
97
72
0.32
1.44
2.15556
9.7
17
Brent Brent
LW
87
97
78
0.346667
1.56
2.15556
9.7
17
Jon Jon
C
88
82
95
0.422222
1.9
1.82222
8.2
17
Tobias Tobias
RW
83
71
95
0.422222
1.9
1.57778
7.1
17
Beau Beau
RW
88
84
93
0.413333
1.86
1.86667
8.4
17
Oscar Oscar
LW
80
88
72
0.32
1.44
1.95556
8.8
17
Mikko Mikko
RW
85
91
79
0.351111
1.58
2.02222
9.1
17
Tim Tim
C
85
82
89
0.395556
1.78
1.82222
8.2
17
Tom Tom
RW
79
77
81
0.36
1.62
1.71111
7.7
17
Joni Joni
LW
90
94
86
0.382222
1.72
2.08889
9.4
17
John-Michael John-Michael
D
71
70
73
0.324444
1.46
1.55556
7
18
Frazer Frazer
D
88
92
85
0.377778
1.7
2.04444
9.2
18
Spencer Spencer
D
91
95
87
0.386667
1.74
2.11111
9.5
18
Will Will
D
82
81
83
0.368889
1.66
1.8
8.1
18
Lucas Lucas
D
79
73
86
0.382222
1.72
1.62222
7.3
18
Mikkel Mikkel
D
79
87
72
0.32
1.44
1.93333
8.7
18
Craig Craig
D
82
92
73
0.324444
1.46
2.04444
9.2
18
Derick Derick
RW
86
88
85
0.377778
1.7
1.95556
8.8
18
Sergei Sergei
C
95
92
98
0.435556
1.96
2.04444
9.2
18
Brent Brent
RW
92
98
86
0.382222
1.72
2.17778
9.8
18
Jon Jon
LW
90
98
82
0.364444
1.64
2.17778
9.8
18
Tobias Tobias
RW
87
82
92
0.408889
1.84
1.82222
8.2
18
Beau Beau
LW
87
86
88
0.391111
1.76
1.91111
8.6
18
Oscar Oscar
RW
93
96
90
0.4
1.8
2.13333
9.6
18
Mikko Mikko
LW
81
85
78
0.346667
1.56
1.88889
8.5
18
Tim Tim
C
92
89
95
0.422222
1.9
1.97778
8.9
18
Tom Tom
LW
80
79
81
0.36
1.62
1.75556
7.9
18
Joni Joni
C
89
92
87
0.386667
1.74
2.04444
9.2
18
John-Michael John-Michael
D
81
87
76
0.337778
1.52
1.93333
8.7
19
Frazer Frazer
D
86
79
93
0.413333
1.86
1.75556
7.9
19
Spencer Spencer
D
83
88
79
0.351111
1.58
1.95556
8.8
19
Will Will
D
80
82
78
0.346667
1.56
1.82222
8.2
19
Lucas Lucas
D
91
92
91
0.404444
1.82
2.04444
9.2
19
Mikkel Mikkel
D
76
70
82
0.364444
1.64
1.55556
7
19
Craig Craig
D
86
97
75
0.333333
1.5
2.15556
9.7
19
Derick Derick
LW
83
81
86
0.382222
1.72
1.8
8.1
19
Sergei Sergei
RW
81
79
83
0.368889
1.66
1.75556
7.9
19
Brent Brent
RW
85
83
87
0.386667
1.74
1.84444
8.3
19
Jon Jon
LW
86
82
91
0.404444
1.82
1.82222
8.2
19
Tobias Tobias
LW
86
97
76
0.337778
1.52
2.15556
9.7
19
Beau Beau
C
91
90
92
0.408889
1.84
2
9
19
Oscar Oscar
C
91
95
87
0.386667
1.74
2.11111
9.5
19
Mikko Mikko
C
85
75
95
0.422222
1.9
1.66667
7.5
19
Tim Tim
C
76
74
78
0.346667
1.56
1.64444
7.4
19
Tom Tom
LW
78
85
71
0.315556
1.42
1.88889
8.5
19
Joni Joni
RW
91
88
95
0.422222
1.9
1.95556
8.8
19
John-Michael John-Michael
D
86
96
76
0.337778
1.52
2.13333
9.6
20
Frazer Frazer
D
95
96
95
0.422222
1.9
2.13333
9.6
20
Spencer Spencer
D
78
74
83
0.368889
1.66
1.64444
7.4
20
Will Will
D
77
73
82
0.364444
1.64
1.62222
7.3
20
Lucas Lucas
D
88
94
83
0.368889
1.66
2.08889
9.4
20
Mikkel Mikkel
D
77
70
85
0.377778
1.7
1.55556
7
20
Craig Craig
D
87
97
77
0.342222
1.54
2.15556
9.7
20
Derick Derick
LW
89
96
83
0.368889
1.66
2.13333
9.6
20
Sergei Sergei
C
85
83
88
0.391111
1.76
1.84444
8.3
20
Brent Brent
RW
86
89
84
0.373333
1.68
1.97778
8.9
20
Jon Jon
C
79
83
76
0.337778
1.52
1.84444
8.3
20
Tobias Tobias
RW
83
85
82
0.364444
1.64
1.88889
8.5
20
Beau Beau
LW
74
71
77
0.342222
1.54
1.57778
7.1
20
Oscar Oscar
C
78
84
73
0.324444
1.46
1.86667
8.4
20
Mikko Mikko
C
75
80
71
0.315556
1.42
1.77778
8
20
Tim Tim
RW
92
94
90
0.4
1.8
2.08889
9.4
20
Tom Tom
RW
76
71
81
0.36
1.62
1.57778
7.1
20
Joni Joni
C
86
95
78
0.346667
1.56
2.11111
9.5
20
John-Michael John-Michael
D
91
93
90
0.4
1.8
2.06667
9.3
21
Frazer Frazer
D
90
86
94
0.417778
1.88
1.91111
8.6
21
Spencer Spencer
D
82
95
70
0.311111
1.4
2.11111
9.5
21
Will Will
D
91
95
88
0.391111
1.76
2.11111
9.5
21
Lucas Lucas
D
86
81
91
0.404444
1.82
1.8
8.1
21
Mikkel Mikkel
D
80
73
87
0.386667
1.74
1.62222
7.3
21
Craig Craig
D
70
70
70
0.311111
1.4
1.55556
7
21
Derick Derick
RW
77
82
72
0.32
1.44
1.82222
8.2
21
Sergei Sergei
LW
88
82
95
0.422222
1.9
1.82222
8.2
21
Brent Brent
RW
82
83
81
0.36
1.62
1.84444
8.3
21
Jon Jon
RW
83
72
94
0.417778
1.88
1.6
7.2
21
Tobias Tobias
RW
79
86
72
0.32
1.44
1.91111
8.6
21
Beau Beau
LW
95
95
96
0.426667
1.92
2.11111
9.5
21
Oscar Oscar
C
86
76
97
0.431111
1.94
1.68889
7.6
21
Mikko Mikko
LW
84
71
98
0.435556
1.96
1.57778
7.1
21
Tim Tim
C
87
90
85
0.377778
1.7
2
9
21
Tom Tom
LW
74
73
75
0.333333
1.5
1.62222
7.3
21
Joni Joni
C
73
73
73
0.324444
1.46
1.62222
7.3
21
John-Michael John-Michael
D
88
82
95
0.422222
1.9
1.82222
8.2
22
Frazer Frazer
D
73
72
74
0.328889
1.48
1.6
7.2
22
Spencer Spencer
D
76
76
76
0.337778
1.52
1.68889
7.6
22
Will Will
D
89
98
81
0.36
1.62
2.17778
9.8
22
Lucas Lucas
D
75
71
80
0.355556
1.6
1.57778
7.1
22
Mikkel Mikkel
D
85
89
81
0.36
1.62
1.97778
8.9
22
Craig Craig
D
81
70
92
0.408889
1.84
1.55556
7
22
Derick Derick
C
88
86
91
0.404444
1.82
1.91111
8.6
22
Sergei Sergei
C
96
96
96
0.426667
1.92
2.13333
9.6
22
Brent Brent
C
81
87
75
0.333333
1.5
1.93333
8.7
22
Jon Jon
LW
74
75
74
0.328889
1.48
1.66667
7.5
22
Tobias Tobias
LW
81
84
79
0.351111
1.58
1.86667
8.4
22
Beau Beau
LW
82
76
88
0.391111
1.76
1.68889
7.6
22
Oscar Oscar
C
72
71
73
0.324444
1.46
1.57778
7.1
22
Mikko Mikko
C
85
93
78
0.346667
1.56
2.06667
9.3
22
Tim Tim
RW
80
83
78
0.346667
1.56
1.84444
8.3
22
Tom Tom
C
70
70
71
0.315556
1.42
1.55556
7
22
Joni Joni
C
88
78
98
0.435556
1.96
1.73333
7.8
22
John-Michael John-Michael
D
83
92
74
0.328889
1.48
2.04444
9.2
23
Frazer Frazer
D
71
72
71
0.315556
1.42
1.6
7.2
23
Spencer Spencer
D
84
97
72
0.32
1.44
2.15556
9.7
23
Will Will
D
85
90
81
0.36
1.62
2
9
23
Lucas Lucas
D
80
89
71
0.315556
1.42
1.97778
8.9
23
Mikkel Mikkel
D
84
88
81
0.36
1.62
1.95556
8.8
23
Craig Craig
D
84
89
79
0.351111
1.58
1.97778
8.9
23
Derick Derick
C
81
73
90
0.4
1.8
1.62222
7.3
23
Sergei Sergei
LW
87
82
92
0.408889
1.84
1.82222
8.2
23
Brent Brent
RW
83
92
74
0.328889
1.48
2.04444
9.2
23
Jon Jon
RW
91
91
91
0.404444
1.82
2.02222
9.1
23
Tobias Tobias
LW
78
74
82
0.364444
1.64
1.64444
7.4
23
Beau Beau
LW
87
93
82
0.364444
1.64
2.06667
9.3
23
Oscar Oscar
RW
80
71
90
0.4
1.8
1.57778
7.1
23
Mikko Mikko
LW
85
73
98
0.435556
1.96
1.62222
7.3
23
Tim Tim
LW
96
97
96
0.426667
1.92
2.15556
9.7
23
Tom Tom
C
92
98
87
0.386667
1.74
2.17778
9.8
23
Joni Joni
LW
77
70
84
0.373333
1.68
1.55556
7
23
John-Michael John-Michael
D
79
71
88
0.391111
1.76
1.57778
7.1
24
Frazer Frazer
D
85
78
92
0.408889
1.84
1.73333
7.8
24
Spencer Spencer
D
86
79
93
0.413333
1.86
1.75556
7.9
24
Will Will
D
78
87
70
0.311111
1.4
1.93333
8.7
24
Lucas Lucas
D
74
70
78
0.346667
1.56
1.55556
7
24
Mikkel Mikkel
D
92
90
94
0.417778
1.88
2
9
24
Craig Craig
D
92
97
87
0.386667
1.74
2.15556
9.7
24
Derick Derick
C
86
75
97
0.431111
1.94
1.66667
7.5
24
Sergei Sergei
LW
88
88
89
0.395556
1.78
1.95556
8.8
24
Brent Brent
RW
83
83
83
0.368889
1.66
1.84444
8.3
24
Jon Jon
RW
85
80
91
0.404444
1.82
1.77778
8
24
Tobias Tobias
RW
91
87
96
0.426667
1.92
1.93333
8.7
24
Beau Beau
C
90
93
87
0.386667
1.74
2.06667
9.3
24
Oscar Oscar
C
93
94
92
0.408889
1.84
2.08889
9.4
24
Mikko Mikko
C
84
97
71
0.315556
1.42
2.15556
9.7
24
Tim Tim
LW
79
78
80
0.355556
1.6
1.73333
7.8
24
Tom Tom
C
86
94
78
0.346667
1.56
2.08889
9.4
24
Joni Joni
C
77
70
85
0.377778
1.7
1.55556
7
24
John-Michael John-Michael
D
85
87
83
0.368889
1.66
1.93333
8.7
25
Frazer Frazer
D
72
72
72
0.32
1.44
1.6
7.2
25
Spencer Spencer
D
84
76
92
0.408889
1.84
1.68889
7.6
25
Will Will
D
78
72
84
0.373333
1.68
1.6
7.2
25
Lucas Lucas
D
91
86
96
0.426667
1.92
1.91111
8.6
25
Mikkel Mikkel
D
90
97
83
0.368889
1.66
2.15556
9.7
25
Craig Craig
D
84
83
85
0.377778
1.7
1.84444
8.3
25
Derick Derick
C
92
90
95
0.422222
1.9
2
9
25
Sergei Sergei
RW
85
81
89
0.395556
1.78
1.8
8.1
25
Brent Brent
C
83
72
94
0.417778
1.88
1.6
7.2
25
Jon Jon
C
82
76
88
0.391111
1.76
1.68889
7.6
25
Tobias Tobias
C
86
86
86
0.382222
1.72
1.91111
8.6
25
Beau Beau
LW
75
71
79
0.351111
1.58
1.57778
7.1
25
Oscar Oscar
C
85
80
90
0.4
1.8
1.77778
8
25
Mikko Mikko
LW
76
79
74
0.328889
1.48
1.75556
7.9
25
Tim Tim
LW
75
80
70
0.311111
1.4
1.77778
8
25
Tom Tom
RW
81
73
90
0.4
1.8
1.62222
7.3
25
Joni Joni
C
72
73
72
0.32
1.44
1.62222
7.3
25
John-Michael John-Michael
D
86
95
78
0.346667
1.56
2.11111
9.5
26
Frazer Frazer
D
87
98
76
0.337778
1.52
2.17778
9.8
26
Spencer Spencer
D
74
72
76
0.337778
1.52
1.6
7.2
26
Will Will
D
85
96
75
0.333333
1.5
2.13333
9.6
26
Lucas Lucas
D
89
95
84
0.373333
1.68
2.11111
9.5
26
Mikkel Mikkel
D
72
75
70
0.311111
1.4
1.66667
7.5
26
Craig Craig
D
85
73
97
0.431111
1.94
1.62222
7.3
26
Derick Derick
C
75
80
71
0.315556
1.42
1.77778
8
26
Sergei Sergei
RW
87
94
81
0.36
1.62
2.08889
9.4
26
Brent Brent
RW
87
88
87
0.386667
1.74
1.95556
8.8
26
Jon Jon
RW
80
76
84
0.373333
1.68
1.68889
7.6
26
Tobias Tobias
RW
81
70
92
0.408889
1.84
1.55556
7
26
Beau Beau
RW
85
87
83
0.368889
1.66
1.93333
8.7
26
Oscar Oscar
RW
82
88
76
0.337778
1.52
1.95556
8.8
26
Mikko Mikko
C
81
72
90
0.4
1.8
1.6
7.2
26
Tim Tim
C
80
85
75
0.333333
1.5
1.88889
8.5
26
Tom Tom
LW
80
83
77
0.342222
1.54
1.84444
8.3
26
Joni Joni
C
98
98
98
0.435556
1.96
2.17778
9.8
26
John-Michael John-Michael
D
78
86
71
0.315556
1.42
1.91111
8.6
27
Frazer Frazer
D
93
95
91
0.404444
1.82
2.11111
9.5
27
Spencer Spencer
D
84
94
74
0.328889
1.48
2.08889
9.4
27
Will Will
D
77
78
77
0.342222
1.54
1.73333
7.8
27
Lucas Lucas
D
83
86
81
0.36
1.62
1.91111
8.6
27
Mikkel Mikkel
D
91
90
92
0.408889
1.84
2
9
27
Craig Craig
D
79
71
88
0.391111
1.76
1.57778
7.1
27
Derick Derick
C
83
76
91
0.404444
1.82
1.68889
7.6
27
Sergei Sergei
RW
89
81
97
0.431111
1.94
1.8
8.1
27
Brent Brent
C
78
72
85
0.377778
1.7
1.6
7.2
27
Jon Jon
LW
94
96
93
0.413333
1.86
2.13333
9.6
27
Tobias Tobias
LW
83
84
82
0.364444
1.64
1.86667
8.4
27
Beau Beau
C
87
88
87
0.386667
1.74
1.95556
8.8
27
Oscar Oscar
RW
83
75
91
0.404444
1.82
1.66667
7.5
27
Mikko Mikko
RW
80
80
81
0.36
1.62
1.77778
8
27
Tim Tim
RW
80
81
79
0.351111
1.58
1.8
8.1
27
Tom Tom
C
92
97
87
0.386667
1.74
2.15556
9.7
27
Joni Joni
LW
86
76
97
0.431111
1.94
1.68889
7.6
27
John-Michael John-Michael
D
83
94
72
0.32
1.44
2.08889
9.4
28
Frazer Frazer
D
81
91
71
0.315556
1.42
2.02222
9.1
28
Spencer Spencer
D
93
89
98
0.435556
1.96
1.97778
8.9
28
Will Will
D
87
80
95
0.422222
1.9
1.77778
8
28
Lucas Lucas
D
83
88
79
0.351111
1.58
1.95556
8.8
28
Mikkel Mikkel
D
81
78
85
0.377778
1.7
1.73333
7.8
28
Craig Craig
D
77
70
85
0.377778
1.7
1.55556
7
28
Derick Derick
LW
85
93
78
0.346667
1.56
2.06667
9.3
28
Sergei Sergei
LW
80
84
77
0.342222
1.54
1.86667
8.4
28
Brent Brent
RW
84
94
75
0.333333
1.5
2.08889
9.4
28
Jon Jon
C
84
98
70
0.311111
1.4
2.17778
9.8
28
Tobias Tobias
RW
87
87
88
0.391111
1.76
1.93333
8.7
28
Beau Beau
RW
77
83
72
0.32
1.44
1.84444
8.3
28
Oscar Oscar
RW
78
72
84
0.373333
1.68
1.6
7.2
28
Mikko Mikko
RW
76
77
76
0.337778
1.52
1.71111
7.7
28
Tim Tim
LW
82
93
71
0.315556
1.42
2.06667
9.3
28
Tom Tom
RW
80
82
79
0.351111
1.58
1.82222
8.2
28
Joni Joni
RW
87
96
78
0.346667
1.56
2.13333
9.6
28
John-Michael John-Michael
D
88
86
90
0.4
1.8
1.91111
8.6
29
Frazer Frazer
D
81
80
82
0.364444
1.64
1.77778
8
29
Spencer Spencer
D
87
94
81
0.36
1.62
2.08889
9.4
29
Will Will
D
75
73
77
0.342222
1.54
1.62222
7.3
29
Lucas Lucas
D
76
81
71
0.315556
1.42
1.8
8.1
29
Mikkel Mikkel
D
93
98
89
0.395556
1.78
2.17778
9.8
29
Craig Craig
D
89
92
87
0.386667
1.74
2.04444
9.2
29
Derick Derick
RW
90
97
83
0.368889
1.66
2.15556
9.7
29
Sergei Sergei
C
87
88
86
0.382222
1.72
1.95556
8.8
29
Brent Brent
LW
86
82
90
0.4
1.8
1.82222
8.2
29
Jon Jon
C
88
95
81
0.36
1.62
2.11111
9.5
29
Tobias Tobias
LW
82
88
76
0.337778
1.52
1.95556
8.8
29
Beau Beau
LW
77
74
80
0.355556
1.6
1.64444
7.4
29
Oscar Oscar
RW
84
87
81
0.36
1.62
1.93333
8.7
29
Mikko Mikko
C
71
70
72
0.32
1.44
1.55556
7
29
Tim Tim
RW
87
94
81
0.36
1.62
2.08889
9.4
29
Tom Tom
C
87
81
94
0.417778
1.88
1.8
8.1
29
Joni Joni
C
88
96
81
0.36
1.62
2.13333
9.6
29