Mike Stamkos
86
86
86
0.382222
1.72
1.91111
8.6
0
Lionel Jagr
81
72
90
0.4
1.8
1.6
7.2
0
Chris Williams
86
82
91
0.404444
1.82
1.82222
8.2
0
Travis Emery
80
76
84
0.373333
1.68
1.68889
7.6
0
Peter Hertl
83
78
89
0.395556
1.78
1.73333
7.8
0
Travis Stamkos
79
82
76
0.337778
1.52
1.82222
8.2
0
Corey Ovechkin
80
89
72
0.32
1.44
1.97778
8.9
0
Nick Schwartz
85
82
89
0.395556
1.78
1.82222
8.2
0
Travis Williams
91
95
88
0.391111
1.76
2.11111
9.5
0
Andrei Fluery
88
84
93
0.413333
1.86
1.86667
8.4
0
Ryan Quick
86
98
75
0.333333
1.5
2.17778
9.8
0
Steve Fluery
92
88
97
0.431111
1.94
1.95556
8.8
0
Evgeni Saad
86
94
78
0.346667
1.56
2.08889
9.4
0
Patrice Clowe
82
86
78
0.346667
1.56
1.91111
8.6
0
Travis Boucher
78
74
82
0.364444
1.64
1.64444
7.4
0
Ryan Berglund
71
71
71
0.315556
1.42
1.57778
7.1
0
Patrick Iginla
72
72
72
0.32
1.44
1.6
7.2
0
Corey Lidstrom
90
98
82
0.364444
1.64
2.17778
9.8
0
Ron Sedin
74
70
79
0.351111
1.58
1.55556
7
1
Ryan Couture
84
92
77
0.342222
1.54
2.04444
9.2
1
Steve Berglund
79
73
86
0.382222
1.72
1.62222
7.3
1
Travis Clowe
94
96
92
0.408889
1.84
2.13333
9.6
1
Ryan Getzlaf
94
90
98
0.435556
1.96
2
9
1
Andrei Saad
73
71
75
0.333333
1.5
1.57778
7.1
1
Steve Berglund
82
83
82
0.364444
1.64
1.84444
8.3
1
Corey Gelinas
79
72
87
0.386667
1.74
1.6
7.2
1
Andrei Broduer
78
79
78
0.346667
1.56
1.75556
7.9
1
Nick Zidlicky
88
89
88
0.391111
1.76
1.97778
8.9
1
Igor Suter
86
88
85
0.377778
1.7
1.95556
8.8
1
Nick Jagr
93
96
91
0.404444
1.82
2.13333
9.6
1
Steve Boucher
96
98
94
0.417778
1.88
2.17778
9.8
1
James Kopitar
71
72
71
0.315556
1.42
1.6
7.2
1
Chris Getzlaf
71
73
70
0.311111
1.4
1.62222
7.3
1
Evgeni Getzlaf
88
95
82
0.364444
1.64
2.11111
9.5
1
Martin Emery
90
89
92
0.408889
1.84
1.97778
8.9
1
Eric Broduer
90
85
95
0.422222
1.9
1.88889
8.5
1
Ilya Perry
83
89
77
0.342222
1.54
1.97778
8.9
2
Patrice Rask
79
77
82
0.364444
1.64
1.71111
7.7
2
Martin Iginla
70
70
71
0.315556
1.42
1.55556
7
2
Andrei Lidstrom
81
82
81
0.36
1.62
1.82222
8.2
2
Reid Stamkos
81
89
73
0.324444
1.46
1.97778
8.9
2
Cam Thorton
84
88
80
0.355556
1.6
1.95556
8.8
2
Steve O'Reielly
89
91
88
0.391111
1.76
2.02222
9.1
2
Evgeni O'Reielly
91
92
90
0.4
1.8
2.04444
9.2
2
Patrice Sedin
81
74
89
0.395556
1.78
1.64444
7.4
2
Ryan Backes
81
78
84
0.373333
1.68
1.73333
7.8
2
Igor Atkinson
87
85
90
0.4
1.8
1.88889
8.5
2
Michael Ovechkin
91
85
97
0.431111
1.94
1.88889
8.5
2
Nick Thorton
83
96
71
0.315556
1.42
2.13333
9.6
2
Chris Miller
86
89
84
0.373333
1.68
1.97778
8.9
2
John Zidlicky
88
81
96
0.426667
1.92
1.8
8.1
2
John Lucic
88
79
97
0.431111
1.94
1.75556
7.9
2
Patrice Elias
77
80
74
0.328889
1.48
1.77778
8
2
Joe Rask
84
83
85
0.377778
1.7
1.84444
8.3
2
Lionel Muzzin
74
70
79
0.351111
1.58
1.55556
7
3
Travis Steen
92
94
91
0.404444
1.82
2.08889
9.4
3
Peter Fluery
85
85
85
0.377778
1.7
1.88889
8.5
3
Lionel Greene
93
96
91
0.404444
1.82
2.13333
9.6
3
John Perry
75
79
72
0.32
1.44
1.75556
7.9
3
Ilya Couture
83
71
95
0.422222
1.9
1.57778
7.1
3
John Kopitar
86
88
84
0.373333
1.68
1.95556
8.8
3
Mike Ward
95
98
93
0.413333
1.86
2.17778
9.8
3
Adam Sedin
89
80
98
0.435556
1.96
1.77778
8
3
Mike Bergerom
79
79
79
0.351111
1.58
1.75556
7.9
3
John Staal
73
73
74
0.328889
1.48
1.62222
7.3
3
Nick Berglund
86
76
97
0.431111
1.94
1.68889
7.6
3
Ilya Elias
86
91
82
0.364444
1.64
2.02222
9.1
3
Lionel Muzzin
86
94
79
0.351111
1.58
2.08889
9.4
3
Reid Couture
77
72
82
0.364444
1.64
1.6
7.2
3
Ryan Bergerom
93
92
95
0.422222
1.9
2.04444
9.2
3
Michael Desjardins
88
88
88
0.391111
1.76
1.95556
8.8
3
James Getzlaf
77
85
70
0.311111
1.4
1.88889
8.5
3
James Broduer
82
86
79
0.351111
1.58
1.91111
8.6
4
Ryan Rask
78
73
83
0.368889
1.66
1.62222
7.3
4
Mike Lucic
85
96
74
0.328889
1.48
2.13333
9.6
4
Lionel Miller
86
95
77
0.342222
1.54
2.11111
9.5
4
Ron Crosby
87
88
87
0.386667
1.74
1.95556
8.8
4
Lionel Lidstrom
85
75
96
0.426667
1.92
1.66667
7.5
4
Chris Oshie
86
91
81
0.36
1.62
2.02222
9.1
4
James Suter
72
73
72
0.32
1.44
1.62222
7.3
4
Peter Backes
81
76
87
0.386667
1.74
1.68889
7.6
4
Mike Lucic
80
87
73
0.324444
1.46
1.93333
8.7
4
Reid Desjardins
90
88
92
0.408889
1.84
1.95556
8.8
4
Peter Greene
88
96
81
0.36
1.62
2.13333
9.6
4
Lionel Thorton
75
79
72
0.32
1.44
1.75556
7.9
4
Peter Zajac
84
82
87
0.386667
1.74
1.82222
8.2
4
Patrice Perry
85
80
90
0.4
1.8
1.77778
8
4
Igor Backes
83
93
74
0.328889
1.48
2.06667
9.3
4
Ron Couture
96
97
96
0.426667
1.92
2.15556
9.7
4
Michael Kane
81
73
89
0.395556
1.78
1.62222
7.3
4
Patrice Fayne
87
98
76
0.337778
1.52
2.17778
9.8
5
Mike Kane
79
86
73
0.324444
1.46
1.91111
8.6
5
Martin Kovalchuck
83
86
81
0.36
1.62
1.91111
8.6
5
Patrick Staal
81
74
88
0.391111
1.76
1.64444
7.4
5
Evgeni Fayne
83
81
86
0.382222
1.72
1.8
8.1
5
Ryan Fayne
88
95
81
0.36
1.62
2.11111
9.5
5
Corey Couture
85
97
73
0.324444
1.46
2.15556
9.7
5
Travis Malkin
95
94
97
0.431111
1.94
2.08889
9.4
5
Mike Lucic
86
97
76
0.337778
1.52
2.15556
9.7
5
John Santinti
82
82
83
0.368889
1.66
1.82222
8.2
5
Evgeni Muzzin
85
74
97
0.431111
1.94
1.64444
7.4
5
Michael Gaborik
97
96
98
0.435556
1.96
2.13333
9.6
5
Ryan Steen
86
76
97
0.431111
1.94
1.68889
7.6
5
Travis Desjardins
81
74
88
0.391111
1.76
1.64444
7.4
5
Joe Getzlaf
85
80
90
0.4
1.8
1.77778
8
5
Peter Perry
84
71
98
0.435556
1.96
1.57778
7.1
5
Nick Backes
82
82
83
0.368889
1.66
1.82222
8.2
5
Cam Boucher
81
85
77
0.342222
1.54
1.88889
8.5
5
Ilya Crosby
73
72
74
0.328889
1.48
1.6
7.2
6
Lionel Iginla
88
78
98
0.435556
1.96
1.73333
7.8
6
Ryan Hertl
92
90
95
0.422222
1.9
2
9
6
Patrick Desjardins
89
86
93
0.413333
1.86
1.91111
8.6
6
Michael Berglund
90
96
84
0.373333
1.68
2.13333
9.6
6
Lionel Fluery
79
75
84
0.373333
1.68
1.66667
7.5
6
Chris Staal
93
91
95
0.422222
1.9
2.02222
9.1
6
Ron Fowler
83
81
86
0.382222
1.72
1.8
8.1
6
Henry Quick
81
73
90
0.4
1.8
1.62222
7.3
6
Travis Lidstrom
88
84
92
0.408889
1.84
1.86667
8.4
6
Chris Stamkos
91
92
91
0.404444
1.82
2.04444
9.2
6
Ron Letang
71
70
72
0.32
1.44
1.55556
7
6
Chris Quick
93
98
88
0.391111
1.76
2.17778
9.8
6
John Schwartz
72
72
72
0.32
1.44
1.6
7.2
6
Chris Perry
92
90
94
0.417778
1.88
2
9
6
Chris Bergerom
84
79
89
0.395556
1.78
1.75556
7.9
6
Igor Sedin
92
89
95
0.422222
1.9
1.97778
8.9
6
Patrick Steen
76
71
81
0.36
1.62
1.57778
7.1
6
Chris Letang
83
83
84
0.373333
1.68
1.84444
8.3
7
Travis Steen
73
71
75
0.333333
1.5
1.57778
7.1
7
Joe Gaborik
72
72
72
0.32
1.44
1.6
7.2
7
Chris Crosby
82
88
77
0.342222
1.54
1.95556
8.8
7
Martin Broduer
91
95
87
0.386667
1.74
2.11111
9.5
7
Ron Iginla
91
92
90
0.4
1.8
2.04444
9.2
7
Igor Mackinnon
86
83
90
0.4
1.8
1.84444
8.3
7
Patrick Miller
79
89
70
0.311111
1.4
1.97778
8.9
7
Peter Neal
75
77
73
0.324444
1.46
1.71111
7.7
7
James Perry
89
95
83
0.368889
1.66
2.11111
9.5
7
Steve Getzlaf
88
88
88
0.391111
1.76
1.95556
8.8
7
Travis Staal
78
85
71
0.315556
1.42
1.88889
8.5
7
Mike Bergerom
87
96
78
0.346667
1.56
2.13333
9.6
7
Martin Couture
84
81
87
0.386667
1.74
1.8
8.1
7
Mike Elias
78
75
82
0.364444
1.64
1.66667
7.5
7
James Miller
89
95
83
0.368889
1.66
2.11111
9.5
7
Michael Stamkos
79
75
84
0.373333
1.68
1.66667
7.5
7
Adam Sedin
86
87
86
0.382222
1.72
1.93333
8.7
7
Corey Hertl
87
96
79
0.351111
1.58
2.13333
9.6
8
Evgeni Suter
93
90
97
0.431111
1.94
2
9
8
Adam Couture
82
88
76
0.337778
1.52
1.95556
8.8
8
Mike Oshie
87
89
85
0.377778
1.7
1.97778
8.9
8
Cam Lidstrom
85
91
79
0.351111
1.58
2.02222
9.1
8
Michael Backes
98
98
98
0.435556
1.96
2.17778
9.8
8
Michael Kane
75
80
70
0.311111
1.4
1.77778
8
8
Reid Zajac
78
81
75
0.333333
1.5
1.8
8.1
8
Eric Steen
87
90
85
0.377778
1.7
2
9
8
Steve Santinti
82
88
77
0.342222
1.54
1.95556
8.8
8
Ron Schwartz
83
88
78
0.346667
1.56
1.95556
8.8
8
Evgeni Letang
88
85
92
0.408889
1.84
1.88889
8.5
8
Patrice Malkin
79
77
82
0.364444
1.64
1.71111
7.7
8
Travis Quick
77
82
73
0.324444
1.46
1.82222
8.2
8
Patrick Emery
93
96
90
0.4
1.8
2.13333
9.6
8
Travis Fluery
80
75
85
0.377778
1.7
1.66667
7.5
8
Peter Neal
85
93
78
0.346667
1.56
2.06667
9.3
8
Patrick Muzzin
84
84
85
0.377778
1.7
1.86667
8.4
8
Evgeni O'Reielly
73
71
75
0.333333
1.5
1.57778
7.1
9
Reid Toews
83
76
90
0.4
1.8
1.68889
7.6
9
John Kovalchuck
83
81
86
0.382222
1.72
1.8
8.1
9
Henry Perry
75
70
80
0.355556
1.6
1.55556
7
9
Travis Letang
80
83
77
0.342222
1.54
1.84444
8.3
9
Ilya Gelinas
83
77
90
0.4
1.8
1.71111
7.7
9
Chris Schwartz
81
74
89
0.395556
1.78
1.64444
7.4
9
Ron Quick
85
88
83
0.368889
1.66
1.95556
8.8
9
Reid Ovechkin
76
71
81
0.36
1.62
1.57778
7.1
9
Andrei Rask
75
76
74
0.328889
1.48
1.68889
7.6
9
Andrei Lucic
89
95
83
0.368889
1.66
2.11111
9.5
9
Henry Fluery
83
75
92
0.408889
1.84
1.66667
7.5
9
Patrice Saad
82
74
90
0.4
1.8
1.64444
7.4
9
John Zajac
82
72
93
0.413333
1.86
1.6
7.2
9
Ryan Staal
87
78
97
0.431111
1.94
1.73333
7.8
9
Corey Kovalev
84
84
85
0.377778
1.7
1.86667
8.4
9
Cam Ward
87
81
93
0.413333
1.86
1.8
8.1
9
Henry Mackinnon
83
86
80
0.355556
1.6
1.91111
8.6
9
Joe Desjardins
77
77
77
0.342222
1.54
1.71111
7.7
10
Alex Ovechkin
76
80
72
0.32
1.44
1.77778
8
10
Igor Greene
78
78
78
0.346667
1.56
1.73333
7.8
10
Lionel Gelinas
72
73
71
0.315556
1.42
1.62222
7.3
10
Ryan Couture
83
81
86
0.382222
1.72
1.8
8.1
10
Eric Emery
82
73
92
0.408889
1.84
1.62222
7.3
10
Ilya Clowe
80
70
91
0.404444
1.82
1.55556
7
10
Mike Fayne
86
77
95
0.422222
1.9
1.71111
7.7
10
Martin Elias
89
89
89
0.395556
1.78
1.97778
8.9
10
Igor Couture
96
97
96
0.426667
1.92
2.15556
9.7
10
Ron Lucic
84
72
97
0.431111
1.94
1.6
7.2
10
Patrice Quick
82
83
81
0.36
1.62
1.84444
8.3
10
Chris Boucher
91
88
95
0.422222
1.9
1.95556
8.8
10
Igor Iginla
80
74
86
0.382222
1.72
1.64444
7.4
10
Travis Lidstrom
85
92
79
0.351111
1.58
2.04444
9.2
10
Igor Santinti
84
74
94
0.417778
1.88
1.64444
7.4
10
Patrick Saad
82
90
75
0.333333
1.5
2
9
10
Cam Fayne
87
94
80
0.355556
1.6
2.08889
9.4
10
Steve Boucher
82
80
85
0.377778
1.7
1.77778
8
11
Patrick Kovalchuck
87
91
83
0.368889
1.66
2.02222
9.1
11
Igor Sedin
79
83
75
0.333333
1.5
1.84444
8.3
11
Cam Gaborik
82
83
82
0.364444
1.64
1.84444
8.3
11
Mike Atkinson
88
91
85
0.377778
1.7
2.02222
9.1
11
Steve Schwartz
84
85
83
0.368889
1.66
1.88889
8.5
11
Patrice Hertl
86
95
78
0.346667
1.56
2.11111
9.5
11
Martin Berglund
85
82
88
0.391111
1.76
1.82222
8.2
11
Cam Zajac
87
83
92
0.408889
1.84
1.84444
8.3
11
Martin Zajac
91
90
93
0.413333
1.86
2
9
11
Joe Stamkos
93
93
94
0.417778
1.88
2.06667
9.3
11
Chris Getzlaf
92
98
86
0.382222
1.72
2.17778
9.8
11
Michael Fayne
93
96
90
0.4
1.8
2.13333
9.6
11
Joe O'Reielly
73
75
71
0.315556
1.42
1.66667
7.5
11
Travis Steen
92
90
94
0.417778
1.88
2
9
11
Joe Steen
82
72
92
0.408889
1.84
1.6
7.2
11
Nick Getzlaf
79
87
72
0.32
1.44
1.93333
8.7
11
Nick Sedin
76
71
82
0.364444
1.64
1.57778
7.1
11
Lionel Thorton
79
72
87
0.386667
1.74
1.6
7.2
12
Peter Thorton
74
77
71
0.315556
1.42
1.71111
7.7
12
Henry Quick
78
72
85
0.377778
1.7
1.6
7.2
12
Travis Berglund
81
91
71
0.315556
1.42
2.02222
9.1
12
Igor Emery
74
75
74
0.328889
1.48
1.66667
7.5
12
Ron Broduer
89
81
98
0.435556
1.96
1.8
8.1
12
Ryan Kovalchuck
78
81
76
0.337778
1.52
1.8
8.1
12
Eric Berglund
82
74
91
0.404444
1.82
1.64444
7.4
12
Ron Zajac
71
70
72
0.32
1.44
1.55556
7
12
Travis Neal
90
83
98
0.435556
1.96
1.84444
8.3
12
Evgeni Boucher
91
93
89
0.395556
1.78
2.06667
9.3
12
Ryan Steen
81
70
93
0.413333
1.86
1.55556
7
12
Patrice Kovalev
89
94
84
0.373333
1.68
2.08889
9.4
12
Joe Fayne
75
72
79
0.351111
1.58
1.6
7.2
12
James O'Reielly
93
89
97
0.431111
1.94
1.97778
8.9
12
Ryan Emery
94
95
94
0.417778
1.88
2.11111
9.5
12
Peter Emery
83
80
87
0.386667
1.74
1.77778
8
12
James Atkinson
80
70
90
0.4
1.8
1.55556
7
12
Patrice Iginla
85
86
84
0.373333
1.68
1.91111
8.6
13
Chris Getzlaf
91
97
85
0.377778
1.7
2.15556
9.7
13
Martin Getzlaf
85
98
72
0.32
1.44
2.17778
9.8
13
Patrick Elias
88
91
86
0.382222
1.72
2.02222
9.1
13
Chris Clowe
85
96
75
0.333333
1.5
2.13333
9.6
13
Ryan Getzlaf
75
78
73
0.324444
1.46
1.73333
7.8
13
Steve Ward
87
80
94
0.417778
1.88
1.77778
8
13
Reid Gaborik
79
81
77
0.342222
1.54
1.8
8.1
13
Lionel Zajac
84
75
93
0.413333
1.86
1.66667
7.5
13
Peter Gaborik
81
75
88
0.391111
1.76
1.66667
7.5
13
Corey Jagr
76
73
80
0.355556
1.6
1.62222
7.3
13
Michael Staal
80
89
72
0.32
1.44
1.97778
8.9
13
Henry Gaborik
77
84
71
0.315556
1.42
1.86667
8.4
13
Adam Oshie
88
78
98
0.435556
1.96
1.73333
7.8
13
Steve Saad
82
72
92
0.408889
1.84
1.6
7.2
13
Steve Zidlicky
87
86
88
0.391111
1.76
1.91111
8.6
13
Martin Kovalev
84
73
95
0.422222
1.9
1.62222
7.3
13
Ron Muzzin
81
72
90
0.4
1.8
1.6
7.2
13
Evgeni Fowler
77
73
82
0.364444
1.64
1.62222
7.3
14
Ilya Williams
79
81
77
0.342222
1.54
1.8
8.1
14
Cam Mackinnon
78
76
80
0.355556
1.6
1.68889
7.6
14
Ilya Fluery
83
86
80
0.355556
1.6
1.91111
8.6
14
Patrice Fowler
77
82
72
0.32
1.44
1.82222
8.2
14
James Schwartz
82
80
84
0.373333
1.68
1.77778
8
14
Patrick Schwartz
84
82
87
0.386667
1.74
1.82222
8.2
14
Corey Hertl
74
76
72
0.32
1.44
1.68889
7.6
14
Cam Broduer
79
79
79
0.351111
1.58
1.75556
7.9
14
Steve Fayne
91
93
89
0.395556
1.78
2.06667
9.3
14
Ilya Quick
95
96
94
0.417778
1.88
2.13333
9.6
14
Ryan Kovalev
74
76
73
0.324444
1.46
1.68889
7.6
14
Andrei Kane
83
84
82
0.364444
1.64
1.86667
8.4
14
Travis Thorton
82
85
79
0.351111
1.58
1.88889
8.5
14
Lionel Ovechkin
87
78
97
0.431111
1.94
1.73333
7.8
14
Reid Miller
74
77
72
0.32
1.44
1.71111
7.7
14
Martin Malkin
81
71
92
0.408889
1.84
1.57778
7.1
14
Andrei Williams
78
81
76
0.337778
1.52
1.8
8.1
14
Andrei Hertl
78
79
78
0.346667
1.56
1.75556
7.9
15
James Desjardins
77
84
71
0.315556
1.42
1.86667
8.4
15
James Zidlicky
79
71
88
0.391111
1.76
1.57778
7.1
15
Chris Jagr
84
73
95
0.422222
1.9
1.62222
7.3
15
Igor Rask
76
77
76
0.337778
1.52
1.71111
7.7
15
Nick Quick
81
88
74
0.328889
1.48
1.95556
8.8
15
Ilya Kopitar
80
88
73
0.324444
1.46
1.95556
8.8
15
Patrick Gelinas
88
84
93
0.413333
1.86
1.86667
8.4
15
Peter Rask
81
71
92
0.408889
1.84
1.57778
7.1
15
James Neal
85
94
77
0.342222
1.54
2.08889
9.4
15
Patrick Kopitar
88
83
94
0.417778
1.88
1.84444
8.3
15
Henry Steen
91
89
94
0.417778
1.88
1.97778
8.9
15
Patrice Jagr
88
79
97
0.431111
1.94
1.75556
7.9
15
Henry Perry
76
82
70
0.311111
1.4
1.82222
8.2
15
Patrice Jagr
83
92
74
0.328889
1.48
2.04444
9.2
15
Peter Ovechkin
95
92
98
0.435556
1.96
2.04444
9.2
15
Andrei Sedin
85
95
76
0.337778
1.52
2.11111
9.5
15
Ilya Miller
86
95
77
0.342222
1.54
2.11111
9.5
15
Chris Bergerom
72
72
72
0.32
1.44
1.6
7.2
16
Ilya Crosby
91
85
98
0.435556
1.96
1.88889
8.5
16
Nick Sedin
82
76
89
0.395556
1.78
1.68889
7.6
16
Joe Oshie
72
71
74
0.328889
1.48
1.57778
7.1
16
Mike Neal
87
92
82
0.364444
1.64
2.04444
9.2
16
Evgeni Clowe
92
96
89
0.395556
1.78
2.13333
9.6
16
Chris Crosby
83
92
75
0.333333
1.5
2.04444
9.2
16
Ilya Neal
79
76
82
0.364444
1.64
1.68889
7.6
16
Chris Gaborik
77
84
71
0.315556
1.42
1.86667
8.4
16
Reid Emery
87
96
78
0.346667
1.56
2.13333
9.6
16
Adam Lucic
92
92
92
0.408889
1.84
2.04444
9.2
16
Cam Neal
96
98
95
0.422222
1.9
2.17778
9.8
16
Ryan Emery
89
94
84
0.373333
1.68
2.08889
9.4
16
John Williams
82
87
77
0.342222
1.54
1.93333
8.7
16
Henry Fowler
86
91
81
0.36
1.62
2.02222
9.1
16
Igor Ward
76
79
73
0.324444
1.46
1.75556
7.9
16
Alex Quick
92
90
94
0.417778
1.88
2
9
16
Steve Toews
84
82
87
0.386667
1.74
1.82222
8.2
16
Chris Desjardins
84
73
95
0.422222
1.9
1.62222
7.3
17
Peter Schwartz
83
78
89
0.395556
1.78
1.73333
7.8
17
Eric Schwartz
79
75
84
0.373333
1.68
1.66667
7.5
17
Patrice Fowler
82
73
91
0.404444
1.82
1.62222
7.3
17
Eric Miller
76
82
71
0.315556
1.42
1.82222
8.2
17
James Perry
94
90
98
0.435556
1.96
2
9
17
Ilya Saad
89
84
94
0.417778
1.88
1.86667
8.4
17
Adam O'Reielly
75
73
78
0.346667
1.56
1.62222
7.3
17
Nick Zidlicky
84
95
73
0.324444
1.46
2.11111
9.5
17
Alex Desjardins
89
98
81
0.36
1.62
2.17778
9.8
17
Michael Berglund
86
82
90
0.4
1.8
1.82222
8.2
17
Nick Steen
72
70
74
0.328889
1.48
1.55556
7
17
John Stamkos
90
90
91
0.404444
1.82
2
9
17
Henry Broduer
80
83
77
0.342222
1.54
1.84444
8.3
17
Evgeni Letang
82
88
76
0.337778
1.52
1.95556
8.8
17
Igor Gaborik
96
94
98
0.435556
1.96
2.08889
9.4
17
John Desjardins
84
86
82
0.364444
1.64
1.91111
8.6
17
Peter Perry
78
70
87
0.386667
1.74
1.55556
7
17
Ryan Ovechkin
89
91
87
0.386667
1.74
2.02222
9.1
18
Patrice Jagr
85
80
91
0.404444
1.82
1.77778
8
18
Nick Santinti
84
95
74
0.328889
1.48
2.11111
9.5
18
James Fayne
87
83
92
0.408889
1.84
1.84444
8.3
18
Alex Kopitar
84
72
96
0.426667
1.92
1.6
7.2
18
Joe Ovechkin
83
79
87
0.386667
1.74
1.75556
7.9
18
Ilya Zidlicky
86
86
87
0.386667
1.74
1.91111
8.6
18
Travis Bergerom
90
92
89
0.395556
1.78
2.04444
9.2
18
Ron Berglund
77
75
80
0.355556
1.6
1.66667
7.5
18
Mike Miller
78
83
74
0.328889
1.48
1.84444
8.3
18
Lionel Emery
82
95
70
0.311111
1.4
2.11111
9.5
18
Travis Mackinnon
83
79
87
0.386667
1.74
1.75556
7.9
18
Martin Staal
76
75
77
0.342222
1.54
1.66667
7.5
18
Michael Hertl
90
91
89
0.395556
1.78
2.02222
9.1
18
Alex Backes
91
90
92
0.408889
1.84
2
9
18
Alex Lucic
74
73
75
0.333333
1.5
1.62222
7.3
18
Corey Suter
93
97
90
0.4
1.8
2.15556
9.7
18
Patrick Gelinas
92
95
90
0.4
1.8
2.11111
9.5
18
Alex Staal
83
88
78
0.346667
1.56
1.95556
8.8
19
Patrice Malkin
95
95
95
0.422222
1.9
2.11111
9.5
19
Nick Bergerom
84
77
91
0.404444
1.82
1.71111
7.7
19
Peter Berglund
83
84
83
0.368889
1.66
1.86667
8.4
19
Igor Atkinson
80
74
86
0.382222
1.72
1.64444
7.4
19
Peter Iginla
82
92
73
0.324444
1.46
2.04444
9.2
19
Martin Emery
88
82
94
0.417778
1.88
1.82222
8.2
19
Patrice Clowe
84
73
96
0.426667
1.92
1.62222
7.3
19
Eric Kovalchuck
81
72
91
0.404444
1.82
1.6
7.2
19
Eric Toews
84
88
80
0.355556
1.6
1.95556
8.8
19
Cam Broduer
86
81
92
0.408889
1.84
1.8
8.1
19
Alex Kovalev
77
75
80
0.355556
1.6
1.66667
7.5
19
Adam Neal
75
72
79
0.351111
1.58
1.6
7.2
19
Mike Suter
90
82
98
0.435556
1.96
1.82222
8.2
19
Ron Kovalchuck
90
92
89
0.395556
1.78
2.04444
9.2
19
Corey Iginla
73
72
74
0.328889
1.48
1.6
7.2
19
Reid Muzzin
93
91
96
0.426667
1.92
2.02222
9.1
19
Henry Neal
83
82
85
0.377778
1.7
1.82222
8.2
19
Ilya Emery
90
95
85
0.377778
1.7
2.11111
9.5
20
Henry Boucher
85
95
76
0.337778
1.52
2.11111
9.5
20
Alex O'Reielly
82
86
79
0.351111
1.58
1.91111
8.6
20
James Steen
79
79
79
0.351111
1.58
1.75556
7.9
20
Michael Kopitar
88
95
81
0.36
1.62
2.11111
9.5
20
Patrice Williams
81
78
85
0.377778
1.7
1.73333
7.8
20
Mike Boucher
83
87
80
0.355556
1.6
1.93333
8.7
20
Travis Merill
75
79
71
0.315556
1.42
1.75556
7.9
20
Adam Bergerom
84
87
82
0.364444
1.64
1.93333
8.7
20
Ilya Gaborik
77
78
76
0.337778
1.52
1.73333
7.8
20
Lionel Staal
70
70
71
0.315556
1.42
1.55556
7
20
Steve Iginla
80
70
91
0.404444
1.82
1.55556
7
20
John Merill
84
93
76
0.337778
1.52
2.06667
9.3
20
Joe Iginla
83
78
89
0.395556
1.78
1.73333
7.8
20
Patrice Kane
84
92
77
0.342222
1.54
2.04444
9.2
20
Eric Stamkos
84
83
85
0.377778
1.7
1.84444
8.3
20
Travis Emery
75
71
80
0.355556
1.6
1.57778
7.1
20
Ron Steen
86
84
89
0.395556
1.78
1.86667
8.4
20
Travis Kopitar
84
79
89
0.395556
1.78
1.75556
7.9
21
Michael Fluery
89
98
80
0.355556
1.6
2.17778
9.8
21
John Iginla
70
70
70
0.311111
1.4
1.55556
7
21
Corey Jagr
83
86
80
0.355556
1.6
1.91111
8.6
21
Adam Miller
77
81
73
0.324444
1.46
1.8
8.1
21
Steve Boucher
82
82
82
0.364444
1.64
1.82222
8.2
21
Joe Iginla
93
93
93
0.413333
1.86
2.06667
9.3
21
Corey Bergerom
85
78
92
0.408889
1.84
1.73333
7.8
21
Andrei Lidstrom
86
77
95
0.422222
1.9
1.71111
7.7
21
Joe Merill
91
92
91
0.404444
1.82
2.04444
9.2
21
Peter Letang
82
78
87
0.386667
1.74
1.73333
7.8
21
Ron Crosby
76
72
80
0.355556
1.6
1.6
7.2
21
Peter Gelinas
77
70
84
0.373333
1.68
1.55556
7
21
Joe Steen
90
87
94
0.417778
1.88
1.93333
8.7
21
Evgeni Letang
81
87
75
0.333333
1.5
1.93333
8.7
21
Patrice Bergerom
79
88
71
0.315556
1.42
1.95556
8.8
21
Eric Staal
83
83
84
0.373333
1.68
1.84444
8.3
21
Travis Lidstrom
81
77
86
0.382222
1.72
1.71111
7.7
21
Steve Fayne
89
90
89
0.395556
1.78
2
9
22
Evgeni Fluery
88
78
98
0.435556
1.96
1.73333
7.8
22
Reid Emery
96
95
98
0.435556
1.96
2.11111
9.5
22
James Thorton
81
73
90
0.4
1.8
1.62222
7.3
22
Igor Steen
81
89
74
0.328889
1.48
1.97778
8.9
22
Peter Desjardins
86
83
89
0.395556
1.78
1.84444
8.3
22
Patrice Saad
78
72
85
0.377778
1.7
1.6
7.2
22
Peter Atkinson
88
95
82
0.364444
1.64
2.11111
9.5
22
Ryan Sedin
87
98
76
0.337778
1.52
2.17778
9.8
22
Nick O'Reielly
87
93
82
0.364444
1.64
2.06667
9.3
22
Cam Kane
79
73
85
0.377778
1.7
1.62222
7.3
22
Chris Hertl
85
82
88
0.391111
1.76
1.82222
8.2
22
Andrei Couture
93
97
90
0.4
1.8
2.15556
9.7
22
Chris Staal
85
84
86
0.382222
1.72
1.86667
8.4
22
Ryan Merill
86
88
84
0.373333
1.68
1.95556
8.8
22
Chris Boucher
88
93
84
0.373333
1.68
2.06667
9.3
22
Reid O'Reielly
89
84
95
0.422222
1.9
1.86667
8.4
22
Evgeni Sedin
79
74
84
0.373333
1.68
1.64444
7.4
22
Evgeni Hertl
82
71
93
0.413333
1.86
1.57778
7.1
23
Peter Atkinson
81
81
82
0.364444
1.64
1.8
8.1
23
Evgeni Emery
83
78
88
0.391111
1.76
1.73333
7.8
23
Steve Toews
85
74
96
0.426667
1.92
1.64444
7.4
23
Corey Bergerom
84
83
86
0.382222
1.72
1.84444
8.3
23
Ryan Desjardins
84
82
86
0.382222
1.72
1.82222
8.2
23
Lionel Ovechkin
70
70
71
0.315556
1.42
1.55556
7
23
Ilya Kovalchuck
82
77
87
0.386667
1.74
1.71111
7.7
23
James Crosby
76
80
73
0.324444
1.46
1.77778
8
23
Mike Merill
88
87
89
0.395556
1.78
1.93333
8.7
23
James Neal
90
97
84
0.373333
1.68
2.15556
9.7
23
John Stamkos
79
87
72
0.32
1.44
1.93333
8.7
23
Corey Gelinas
70
70
71
0.315556
1.42
1.55556
7
23
Cam Stamkos
77
78
76
0.337778
1.52
1.73333
7.8
23
Patrice Suter
78
81
75
0.333333
1.5
1.8
8.1
23
Reid Kovalchuck
82
89
76
0.337778
1.52
1.97778
8.9
23
Eric Staal
78
83
74
0.328889
1.48
1.84444
8.3
23
Ryan Perry
79
84
75
0.333333
1.5
1.86667
8.4
23
Travis Sedin
77
82
73
0.324444
1.46
1.82222
8.2
24
Patrice Suter
78
87
70
0.311111
1.4
1.93333
8.7
24
Andrei Stamkos
87
95
79
0.351111
1.58
2.11111
9.5
24
John Williams
80
86
75
0.333333
1.5
1.91111
8.6
24
Ryan Hertl
75
81
70
0.311111
1.4
1.8
8.1
24
John Getzlaf
94
97
92
0.408889
1.84
2.15556
9.7
24
Patrice Merill
90
88
93
0.413333
1.86
1.95556
8.8
24
Travis Thorton
94
94
95
0.422222
1.9
2.08889
9.4
24
Andrei Gaborik
82
73
92
0.408889
1.84
1.62222
7.3
24
Peter Emery
80
77
84
0.373333
1.68
1.71111
7.7
24
Michael Lucic
80
78
83
0.368889
1.66
1.73333
7.8
24
Lionel Suter
87
81
94
0.417778
1.88
1.8
8.1
24
Patrick Malkin
85
75
96
0.426667
1.92
1.66667
7.5
24
Reid Atkinson
86
86
87
0.386667
1.74
1.91111
8.6
24
Cam Kopitar
83
79
87
0.386667
1.74
1.75556
7.9
24
Martin Greene
80
88
73
0.324444
1.46
1.95556
8.8
24
Nick Mackinnon
80
80
81
0.36
1.62
1.77778
8
24
Patrice Fowler
84
82
87
0.386667
1.74
1.82222
8.2
24
Nick Backes
88
79
97
0.431111
1.94
1.75556
7.9
25
Michael Getzlaf
91
89
93
0.413333
1.86
1.97778
8.9
25
Evgeni Staal
88
84
93
0.413333
1.86
1.86667
8.4
25
Ryan Crosby
83
88
78
0.346667
1.56
1.95556
8.8
25
James Oshie
88
80
96
0.426667
1.92
1.77778
8
25
Igor Mackinnon
87
94
80
0.355556
1.6
2.08889
9.4
25
Eric Suter
88
85
92
0.408889
1.84
1.88889
8.5
25
Travis Fluery
88
97
79
0.351111
1.58
2.15556
9.7
25
Eric Ward
91
94
88
0.391111
1.76
2.08889
9.4
25
Lionel Kane
97
97
98
0.435556
1.96
2.15556
9.7
25
Eric Santinti
84
97
71
0.315556
1.42
2.15556
9.7
25
Lionel Letang
89
88
91
0.404444
1.82
1.95556
8.8
25
Evgeni Clowe
78
78
78
0.346667
1.56
1.73333
7.8
25
Igor Clowe
83
76
91
0.404444
1.82
1.68889
7.6
25
Chris Merill
96
94
98
0.435556
1.96
2.08889
9.4
25
Ryan Muzzin
79
71
87
0.386667
1.74
1.57778
7.1
25
John Letang
80
79
82
0.364444
1.64
1.75556
7.9
25
Nick Iginla
72
71
74
0.328889
1.48
1.57778
7.1
25
John Clowe
73
76
70
0.311111
1.4
1.68889
7.6
26
Martin Fowler
79
71
88
0.391111
1.76
1.57778
7.1
26
Andrei Lucic
86
84
88
0.391111
1.76
1.86667
8.4
26
Eric Saad
89
86
92
0.408889
1.84
1.91111
8.6
26
Peter Kovalchuck
88
94
83
0.368889
1.66
2.08889
9.4
26
Lionel Malkin
74
76
72
0.32
1.44
1.68889
7.6
26
Chris Clowe
87
86
89
0.395556
1.78
1.91111
8.6
26
Chris Iginla
89
93
86
0.382222
1.72
2.06667
9.3
26
Martin Fayne
84
81
88
0.391111
1.76
1.8
8.1
26
Peter Kovalchuck
87
84
90
0.4
1.8
1.86667
8.4
26
Chris Neal
84
88
81
0.36
1.62
1.95556
8.8
26
Corey Muzzin
85
84
87
0.386667
1.74
1.86667
8.4
26
Ron Stamkos
76
76
77
0.342222
1.54
1.68889
7.6
26
John Fayne
77
71
83
0.368889
1.66
1.57778
7.1
26
Ron Emery
79
74
85
0.377778
1.7
1.64444
7.4
26
Martin Gelinas
72
70
74
0.328889
1.48
1.55556
7
26
John Mackinnon
85
75
95
0.422222
1.9
1.66667
7.5
26
Evgeni O'Reielly
82
72
92
0.408889
1.84
1.6
7.2
26
Andrei Merill
93
88
98
0.435556
1.96
1.95556
8.8
27
Andrei Broduer
98
98
98
0.435556
1.96
2.17778
9.8
27
Lionel O'Reielly
78
72
85
0.377778
1.7
1.6
7.2
27
Cam Getzlaf
91
91
92
0.408889
1.84
2.02222
9.1
27
Henry Oshie
83
94
72
0.32
1.44
2.08889
9.4
27
Michael Letang
92
95
90
0.4
1.8
2.11111
9.5
27
Ron Zidlicky
89
98
81
0.36
1.62
2.17778
9.8
27
Nick O'Reielly
74
77
72
0.32
1.44
1.71111
7.7
27
Henry Ward
82
74
90
0.4
1.8
1.64444
7.4
27
Corey Merill
96
98
94
0.417778
1.88
2.17778
9.8
27
Patrick Santinti
86
89
83
0.368889
1.66
1.97778
8.9
27
Travis Mackinnon
81
73
89
0.395556
1.78
1.62222
7.3
27
Lionel Suter
88
84
93
0.413333
1.86
1.86667
8.4
27
Ryan Kovalev
74
73
76
0.337778
1.52
1.62222
7.3
27
Peter Fluery
83
82
84
0.373333
1.68
1.82222
8.2
27
Cam Steen
90
87
93
0.413333
1.86
1.93333
8.7
27
Reid Mackinnon
91
93
89
0.395556
1.78
2.06667
9.3
27
Adam Lucic
85
95
75
0.333333
1.5
2.11111
9.5
27
Travis Greene
81
73
89
0.395556
1.78
1.62222
7.3
28
Patrice Lidstrom
80
73
88
0.391111
1.76
1.62222
7.3
28
Nick Lidstrom
86
88
84
0.373333
1.68
1.95556
8.8
28
Ron Kovalev
73
77
70
0.311111
1.4
1.71111
7.7
28
Steve Jagr
87
83
92
0.408889
1.84
1.84444
8.3
28
Cam Lidstrom
91
91
92
0.408889
1.84
2.02222
9.1
28
Ilya Iginla
75
78
72
0.32
1.44
1.73333
7.8
28
Eric Oshie
82
74
91
0.404444
1.82
1.64444
7.4
28
Ron Broduer
85
87
84
0.373333
1.68
1.93333
8.7
28
Igor Ward
85
94
77
0.342222
1.54
2.08889
9.4
28
Patrick Suter
89
88
90
0.4
1.8
1.95556
8.8
28
Ryan Lucic
82
93
72
0.32
1.44
2.06667
9.3
28
Joe Rask
91
88
95
0.422222
1.9
1.95556
8.8
28
Ilya Broduer
84
89
79
0.351111
1.58
1.97778
8.9
28
Joe Gelinas
85
90
80
0.355556
1.6
2
9
28
James Quick
85
79
91
0.404444
1.82
1.75556
7.9
28
Ryan Letang
76
77
76
0.337778
1.52
1.71111
7.7
28
Travis Letang
75
71
79
0.351111
1.58
1.57778
7.1
28
Reid Kopitar
79
87
72
0.32
1.44
1.93333
8.7
29
James Quick
85
94
77
0.342222
1.54
2.08889
9.4
29
Ron Couture
78
80
76
0.337778
1.52
1.77778
8
29
Corey Lucic
97
96
98
0.435556
1.96
2.13333
9.6
29
Michael Gelinas
97
97
97
0.431111
1.94
2.15556
9.7
29
Joe Saad
91
88
95
0.422222
1.9
1.95556
8.8
29
Cam Rask
86
98
75
0.333333
1.5
2.17778
9.8
29
Igor Crosby
76
71
81
0.36
1.62
1.57778
7.1
29
Joe Malkin
81
79
84
0.373333
1.68
1.75556
7.9
29
Travis Boucher
88
91
86
0.382222
1.72
2.02222
9.1
29
John O'Reielly
82
72
92
0.408889
1.84
1.6
7.2
29
Corey Boucher
73
73
73
0.324444
1.46
1.62222
7.3
29
Evgeni Stamkos
86
89
84
0.373333
1.68
1.97778
8.9
29
Igor Lidstrom
86
86
87
0.386667
1.74
1.91111
8.6
29
Patrick Gelinas
79
78
81
0.36
1.62
1.73333
7.8
29
Adam Mackinnon
85
82
89
0.395556
1.78
1.82222
8.2
29
Martin Broduer
84
95
73
0.324444
1.46
2.11111
9.5
29
Joe Ward
89
94
85
0.377778
1.7
2.08889
9.4
29